tissue,start,end,donor,value
Bladder,1,14499,TSP1,14498
Bladder,14499,25985,TSP2,11486
Bladder,25985,29671,TSP14,3686
Bladder,29671,45431,TSP21,15760
Bladder,45431,55731,TSP25,10300
Bladder,55731,66386,TSP27,10655
Blood,1,4449,TSP1,4448
Blood,4449,17398,TSP2,12949
Blood,17398,37781,TSP7,20383
Blood,37781,42769,TSP8,4988
Blood,42769,47129,TSP10,4360
Blood,47129,67432,TSP14,20303
Blood,67432,81535,TSP21,14103
Blood,81535,84737,TSP25,3202
Blood,84737,85234,TSP27,497
Bone_Marrow,1,4130,TSP2,4129
Bone_Marrow,4130,6682,TSP11,2552
Bone_Marrow,6682,7143,TSP13,461
Bone_Marrow,7143,19068,TSP14,11925
Bone_Marrow,19068,22694,TSP21,3626
Bone_Marrow,22694,26463,TSP25,3769
Bone_Marrow,26463,27113,TSP27,650
Ear,1,380,TSP21,379
Ear,380,3056,TSP25,2676
Eye,1,4229,TSP3,4228
Eye,4229,7105,TSP5,2876
Eye,7105,13153,TSP15,6048
Eye,13153,34274,TSP21,21121
Fat,1,312,TSP2,311
Fat,312,14750,TSP10,14438
Fat,14750,23395,TSP14,8645
Fat,23395,43532,TSP21,20137
Fat,43532,93250,TSP25,49718
Fat,93250,94416,TSP27,1166
Heart,1,304,TSP2,303
Heart,304,12351,TSP12,12047
Heart,12351,12489,TSP14,138
Heart,12489,17805,TSP21,5316
Heart,17805,20400,TSP25,2595
Heart,20400,25833,TSP27,5433
Kidney,1,11377,TSP2,11376
Large_Intestine,1,4923,TSP2,4922
Large_Intestine,4923,14854,TSP14,9931
Large_Intestine,14854,16348,TSP25,1494
Large_Intestine,16348,20170,TSP26,3822
Large_Intestine,20170,30085,TSP27,9915
Liver,1,5188,TSP6,5187
Liver,5188,12213,TSP14,7025
Liver,12213,14327,TSP17,2114
Liver,14327,22215,TSP19,7888
Lung,1,16485,TSP1,16484
Lung,16485,41133,TSP2,24648
Lung,41133,54132,TSP14,12999
Lung,54132,65848,TSP25,11716
Lymph_Node,1,11009,TSP2,11008
Lymph_Node,11009,25543,TSP7,14534
Lymph_Node,25543,56773,TSP14,31230
Lymph_Node,56773,84699,TSP21,27926
Lymph_Node,84699,110065,TSP25,25366
Lymph_Node,110065,129063,TSP27,18998
Mammary,1,12398,TSP4,12397
Mammary,12398,30937,TSP27,18539
Muscle,1,4036,TSP1,4035
Muscle,4036,23010,TSP2,18974
Muscle,23010,25123,TSP4,2113
Muscle,25123,33738,TSP14,8615
Muscle,33738,36569,TSP25,2831
Muscle,36569,46773,TSP27,10204
Ovary,1,7095,TSP27,7094
Ovary,7095,28886,TSP28,21791
Ovary,28886,48952,TSP30,20066
Pancreas,1,7043,TSP1,7042
Pancreas,7043,14100,TSP9,7057
Pancreas,14100,14141,TSP27,41
Prostate,1,14993,TSP8,14992
Prostate,14993,18987,TSP14,3994
Prostate,18987,21031,TSP25,2044
Salivary_Gland,1,9328,TSP7,9327
Salivary_Gland,9328,28261,TSP14,18933
Salivary_Gland,28261,32115,TSP21,3854
Salivary_Gland,32115,39822,TSP25,7707
Skin,1,787,TSP2,786
Skin,787,7112,TSP10,6325
Skin,7112,11301,TSP14,4189
Skin,11301,17787,TSP21,6486
Small_Intestine,1,5222,TSP2,5221
Small_Intestine,5222,16203,TSP14,10981
Small_Intestine,16203,22556,TSP25,6353
Small_Intestine,22556,32271,TSP26,9715
Small_Intestine,32271,42037,TSP27,9766
Spleen,1,8949,TSP2,8948
Spleen,8949,18296,TSP7,9347
Spleen,18296,39759,TSP14,21463
Spleen,39759,53238,TSP21,13479
Spleen,53238,57343,TSP25,4105
Spleen,57343,70449,TSP27,13106
Stomach,1,9576,TSP20,9575
Stomach,9576,18788,TSP25,9212
Stomach,18788,33065,TSP27,14277
Testis,1,7514,TSP25,7513
Thymus,1,12908,TSP2,12907
Thymus,12908,32797,TSP14,19889
Thymus,32797,37344,TSP21,4547
Thymus,37344,40317,TSP25,2973
Thymus,40317,42730,TSP27,2413
Tongue,1,164,TSP4,163
Tongue,164,7778,TSP7,7614
Tongue,7778,17256,TSP14,9478
Tongue,17256,24402,TSP25,7146
Tongue,24402,38755,TSP27,14353
Trachea,1,9578,TSP2,9577
Trachea,9578,16997,TSP6,7419
Trachea,16997,17326,TSP14,329
Trachea,17326,18277,TSP21,951
Trachea,18277,22426,TSP25,4149
Trachea,22426,22672,TSP27,246
Uterus,1,11450,TSP4,11449
Uterus,11450,22030,TSP21,10580
Vasculature,1,9305,TSP2,9304
Vasculature,9305,19082,TSP14,9777
Vasculature,19082,28841,TSP21,9759
Vasculature,28841,42582,TSP25,13741
Vasculature,42582,42651,TSP27,69
